1.000000	0.000000	4.662882	0.199346	-70.332266	-5.958076	-0.004241
2.000000	0.501667	4.508649	0.199477	66.786888	1.215835	-0.001610
3.000000	1.003611	-4.471181	0.200298	53.409766	-0.689202	-0.005241
4.000000	1.505278	4.329406	0.201637	53.396228	-1.903238	-0.008705
5.000000	2.007222	4.182273	0.202883	52.991395	-0.194016	-0.002276
6.000000	2.508889	4.035904	0.204232	53.750750	0.329423	-0.003999
7.000000	3.010556	3.865029	0.202996	64.666136	-3.836177	-0.003564
8.000000	3.512500	-3.718672	0.206507	64.892589	-1.543968	-0.003822
9.000000	4.014167	3.592961	0.207974	64.437620	0.762959	-0.002391
10.000000	4.516111	3.500287	0.205808	62.540249	-1.829092	-0.007275
11.000000	5.017778	3.365796	0.208949	62.671652	-2.894396	-0.007142
12.000000	5.519722	3.248340	0.209038	63.958782	-3.404775	-0.006148
13.000000	6.021389	3.128034	0.209098	65.060472	-1.320502	-0.006889
14.000000	6.523333	-3.028507	0.211548	64.999921	-1.561080	-0.002645
15.000000	7.025000	2.931864	0.210277	65.656486	-0.787789	-0.009048
16.000000	7.526667	2.819923	0.214154	64.070973	0.682248	-0.003556
17.000000	8.028611	2.723916	0.214282	62.342134	-1.588123	-0.016487
18.000000	8.530278	2.629070	0.214478	62.893840	-1.480329	-0.015685
19.000000	9.032222	2.514434	0.216875	64.562316	-0.805946	-0.014283
20.000000	9.533889	2.432924	0.217875	64.185675	0.725691	-0.012579
21.000000	10.035833	2.379310	0.215196	64.106492	-1.545475	-0.017151
22.000000	10.537500	2.272404	0.218316	62.790895	0.001787	-0.012967
23.000000	11.039444	2.205509	0.220328	63.566904	0.137672	-0.012331
24.000000	11.541111	2.134257	0.220341	62.223646	-2.564030	-0.013433
25.000000	12.043056	2.070222	0.219661	60.719061	0.821379	-0.010488
26.000000	12.545000	1.986287	0.218999	62.196591	-3.339174	-0.013153
27.000000	13.046667	1.912722	0.221785	62.748324	-2.323208	-0.013791
28.000000	13.548611	1.859172	0.218312	63.051182	1.243156	-0.011330
29.000000	14.050278	1.773219	0.223195	62.821382	-2.727178	-0.014166
30.000000	14.552222	1.729915	0.223730	62.639088	0.072140	-0.013721
31.000000	15.053889	1.686484	0.221015	61.227167	-2.407431	-0.014505
32.000000	15.555833	1.607743	0.220539	61.298457	-3.929663	-0.011042
33.000000	16.057500	1.563147	0.225561	61.362538	0.144886	-0.011747
34.000000	16.559167	1.482726	0.228837	62.054028	-0.365744	-0.012610
35.000000	17.061111	1.461987	0.220471	62.551750	1.227910	-0.013028
36.000000	17.562778	1.402097	0.219700	63.102262	-2.435268	-0.013942
37.000000	18.064444	1.359535	0.223825	57.668138	-1.070775	-0.013454
38.000000	18.566389	1.309909	0.222321	62.890938	0.636470	-0.011140
39.000000	19.068056	1.256263	0.224377	63.166554	-1.726498	-0.013691
40.000000	19.570278	1.231106	0.218150	62.557899	-1.815932	-0.011710
41.000000	20.071944	1.141950	0.227575	40.121100	3.399798	-0.013084
42.000000	20.573611	1.071960	0.233097	39.407092	-0.305496	-0.012712
43.000000	21.075278	1.071930	0.220969	40.427427	1.988820	-0.009067
44.000000	21.577222	1.035712	0.219782	74.934524	0.965791	-0.009288
45.000000	22.078889	1.010274	0.221491	63.948306	-2.011754	-0.010853
46.000000	22.580833	0.878244	0.226426	29.319808	0.844034	-0.009346
47.000000	23.082500	-0.862736	0.211047	30.051276	2.227033	-0.012174
48.000000	24.588056	-0.775558	0.206116	28.516767	2.360976	-0.014728
49.000000	25.089722	0.727115	0.219387	28.549014	0.382790	-0.010894
50.000000	25.591389	0.707909	0.220560	27.965611	3.234396	-0.011279
51.000000	26.093333	-0.688881	0.210107	26.805183	1.757990	-0.015236
52.000000	26.595556	-0.753693	0.216582	63.327944	-0.680618	-0.012063
53.000000	27.097222	0.718541	0.219312	63.558438	-0.004711	-0.013440
54.000000	27.599167	0.682720	0.219228	65.989481	0.209548	-0.013971
55.000000	28.101111	0.663890	0.226302	65.711326	-1.115862	-0.013980
56.000000	28.602778	0.634975	0.213874	65.450141	1.108415	-0.012118
57.000000	29.104722	0.610505	0.222511	63.056810	-0.628739	-0.014536
58.000000	29.606389	0.602055	0.229101	64.579816	-1.630850	-0.013246
59.000000	30.108333	-0.577889	0.213894	63.721130	-1.830407	-0.012359
60.000000	30.610000	0.554701	0.224684	63.948514	-3.346902	-0.013575
61.000000	31.111944	0.578575	0.190991	64.486234	-1.675581	-0.014448
62.000000	31.613611	0.522860	0.204413	62.511079	-0.659303	-0.012696
63.000000	32.115556	-0.510021	0.208223	61.429940	-0.718564	-0.012591
64.000000	32.617222	-0.493742	0.209286	62.042202	-1.714105	-0.012828
65.000000	33.119167	-0.483826	0.218351	63.168816	-1.703569	-0.012653
66.000000	33.621111	0.448336	0.232108	63.324277	-1.547824	-0.013933
67.000000	34.123056	-0.436466	0.211265	64.244186	-1.553930	-0.013218
68.000000	34.625000	-0.447493	0.189080	63.438117	-0.962731	-0.012015
69.000000	35.126667	0.409607	0.216788	62.040676	1.217997	-0.012032
70.000000	35.628611	0.391520	0.209354	61.178903	-0.959547	-0.013687
71.000000	36.130278	0.392902	0.198700	63.130083	0.472480	-0.012295
72.000000	36.632222	0.349514	0.233131	64.611650	1.106339	-0.011939
73.000000	37.133889	0.358722	0.201213	63.323736	-2.890123	-0.013340
74.000000	37.635833	0.326919	0.229489	62.024398	-3.353246	-0.012431
75.000000	38.137500	0.331960	0.196669	61.797987	-0.344608	-0.013272
76.000000	38.639167	0.324383	0.206769	-62.905513	1.865594	-0.013433
77.000000	39.140833	-0.310507	0.210203	62.958642	-1.243865	-0.012943
78.000000	39.642778	0.294716	0.198926	-61.927317	2.459415	-0.012939
